1532788;4376131;4376133;5613452;4658129;6064988;4376187;4376146;885086
559213;1532136;4376144;146372;6327265;235203;1382903;4677365;559211;1382902;636792;885093;885092;146375
5290742;1532846;1183753;663912
5613440;4376133;1532821;6634169;6065027;6102439;4658146;885086;6327278;4376140
4015449;4015467;5290762;1249004;1532834;6327228;1532787;1532833;964517
4376134;6327298;559213;6327248;6327297;1532136;5613437;4376146;1173148;4376144;6327275;5290695;4658124;235203;1382903;4677365;6102438;4658127;4658129;729560;1382902;6327277;146375
6327298;5290702;398859;6400486;6102453;5333431;5613467;6327265;5332628;146402;6102450;4677368;5652460;6064952;1532142;4388999;1382902;5290719;6102448;1382892
5290766;1532781;4015488;6064940;5613502;5613487;6327248;5613480;5290733;6065005;5290695;6064943;6327215;6327228;4658185;5290692;6327216
6064936;1382906
5290738;4658156;4376174;4376175
6064977;4376160;1250394;885683;5613490;1372209;1250406;5613492;6327241;6064955;6064942;1183764;1532803;5290775
559213;4376144;146375;729560;1532136;5653599;885092
4376167;4015464;1250383
6327277;5613425;4388992;4015432;4035748;5613456;6327248;885086;4376131;5290695;4677366;4677365;4388992;5290702;5332611;5613449;5333919;6065017;5290723;4658131
5613460;5290764;146402;5613461;4015449;4658163;5613439;1382895;4658188;4658174;4389000;6064997;485139;1532833;5613459;663875;1183785
5613437;1532781;4376131;1532136;6327257;4376144;6327275;4015439;5290713;1249008;729560;146375
6064964
6102445;1382886;528693;4376133;175815;1532129;636761
1183769;1532853;568116;5613476;5613483
964540;4015440;964540;5613475
885091;1532128;5613436;6064996;5290702
6064958;568116;5613488;5613483;4376175
885086;1532792;5290767;6327233;4015489;485139;4376204;5290765;5290766
1183769;568105;1532807;5613483
1532853;6064941;6064958;4015453;5613488;5613483;568116;4376175
5613425;6327248;6065016;4376146;801851;6065017
175815;6102463;5652398;4677361;4677363;6064996;6102457
6327230;5613487;5613488;6064952;885734;5613486;4376186
1372207;5290764;6064967;4658165;6064947;4376171;6327208;4015464
6400552;6064994;1532151;6065001;1173155;6065000;4658145;4376154;1173148;1532129;1173160;4376146
1532142;5290705;5613440;1249015;146402;6400488;663866;485140;5613439;5290702;4035763;809866;1382891;1382892;1382893;5290704;4658123;1173151
5290726;6065003;4015416;1382906
809910;5613461;6064965;964516;6064942;5290751
5290709;6064985;4376149;1532142;636793;5652392;6400490;4658124;5332628
5333443;6064995;6065000;5290706;6064990;885087
4015433;1532136;4015416;5290692;1382906;1382886;1532788;6065012;1532134
1532836;1250396
6400487;6400486;6327290;1532142;1382893;6327268;5652392;6400490;6065024;729568;6102448;5290704
5290753;1250414;4015487
1532809;1532815;4015501;1250384
1532142;4376168;5290705;5332586;4376133;146386;6064996;5613448;6064990;398859;6064997;5613431;885086;4376140;1382895;4658123;175796
5290760;885739;4035756;5290695;5613427;5290731;175815;5613429
5652931;6400557;6065008;6102461;6400485
6327257;6327261;4015437;4376154;963288;4376151;1532131
4376131
4015437;6327275;6327257;4376131;1532136
4658129;6102440;6065000;5613456;4035752;1532136;5613448;6327277;4015424;885086
1382887;6327214;1250401
964538;346339
4015437;4015436
1532812;1372208;6064942;6327242;1183785
6327273;4658136;568118;4658150;4376146
4376172
6327240;809871;5290766;6327238;6064952;1532807;5613488;5613489;398859;663875
809865;4677350;4015416;6065019;6065026
4015421;1173141;5290718;4677357;4376133;1173156;146386;6064996
146373;1250412;4015502;1532807;4376150;6327216;1250362
1532820;5652926;885740;6400488;5290760;5290758;5290756;5613502;5290745;6064952;6065007
663916
6327245
4015417;5290706;4658148;6064991;1382886;5613447;6327291;1173157
1532781;6400492;6400557;6327271;6327290;6400485;4389013;4389006;6102456;4658131
4015420;6327267;6064993
6102449;528686;6327294;6400486;4677358
6064971;809869;5613474;809896;6064983;4376212;1372213;5613472
6064998;6400489
4376131;6327281;5613452;6327284;4658129;4388992
4376154;6064994;6064996;6327288
1532142;1382887
5613432;6065011;6327295;4015469
6327273;6064988;5613452;6065001;4677364;6327274;6634134;6327272;4035762;5333437;6065008
6065016;4376134;6064996;5652880;1249020;4389011;6102447
1532151;5652530;1382908;6065001;6065000;4015433;6400493;801851;4376152;1173160
5290698;6327248;5652890
6400559;4677358;5333878
5290720;1382904;6102446;4035745;885086;5613453;4015439;1382905;6634112;1173155;6064996;5613455;636792
4015422;1250401;5332628;5613439;4389001;4658160;729568;4015469;6064937
1532853;4376179;175782;4376198;6327235;346331;568116;5290733;6064958
4015417;1532134;1249027;1532126;6327248;4015419;5652530;4015424
6327259
5333020;4389006;6327277
6327289;5332629;6065008;6102461;6400485;4388999;4389006;4658134;5652443
4376187;4376150;6400555;5613488;809871;809873;6064952;1183790
5290695;4658124;6327248;6064996;1249023;5290690;5290692;6065017
5290742;1372221;1250353;1250400;4015449;5290734;1183754;6064947;1250351;4015452;964555
6065008;1382886;4658161;1532138;4015425;6327286;4389013;4658123;885098
4015417;1382904;6102440;4389006;4015424;5652520
4658136;6065008;6327273;6327272;5333437;5613457;6327271;5652931;6634164;963273;6327274;5652922;5613451;801851
6634096;6327248;4376146
6065012;6102440;6327248;6064997;4389006;4376140;1532142;146402;4376143;1173155;4035747;4015424;6065017
6102449;1249015;6400486;5290706;5652443;6064991
4376187;1382904;4015425;5290771;6327266;567746_1;4658192;4015424
1382904;4677356;6102454;4376143;5652467;1532150;4677370;885086
6400552;6327271;6065010;1249014;6064996;4658136;4658138;1382896;4376146
663866;6102454;5290707;6400556;1382887;4677356;6065021;6400553;6327262;6065019;5332593;4658146;6102455
6065003;4658140;6327205;885716
4015471;1249025;5290729;1382896
6102439;4015425;6064996;175815;4376153;1173150;4035741;1173148;1249026;4376152
398872;1532126;6064991;5613447;5290706;1382909;5290741
5652910;4658146;4376146;6102442
6327280;1382903;6327282;6327253;6064986

1532148;6065010;5613426;801851;801851;4389006;4376146;5613429;6065009
5290739;4658198;4376150;6327215;1250362

5613495;1250390;1372176;4015486;1250404;6064976;5290736;964512;1250404
6064955
6065003;1173155;4015425;1532136;1532131;1249008;4015424
5613482;5652895;6064952;4658193;6064950;5613487;5613486;5613488;398859;5613483;4658178
963273;528685

6065023;5613425;885095
6065023;5613424;6064990;885087
1173149;1532134;6102456;4376188;4376140;4376136;1382887;528685;4658139;4388994;4388998;4677353
4376144;1382904;5332629;4677357;6065026;346302;729568;4388999
568138;4015488;346332
5652398;6102461;5290745;5652910;5652484;5332584;5652885;5333564;5652392;5332586;6102451;5333023;5333020;5332628;6064956;6064959;6064936;5652443;5653598;6102447
4015420;6064993
5613460;568118;4658138;6064986
809896
4658127;4677362;1382887;4677358;4015437;4388992;5652880;6102449;4389006;6102438;5333878
5613447;5290706
5613501;4376171;1532795

6064980;6064968;6064983;5290742;5613474;5613472
1250414;5290764;964516;568112;4658153;5613470;4658181
5613431;4376144;4658127;5290713;5613450;4376154;1532122;729560;4376145
175815;4015439;146386;4015431;6064987;729560;5613436;4658149;5290702
745310;1372224;6064943;4015501
5613439;5613440
6064992;4015417;4376154;1382886;1532126;1382907;4015425;4658145;4376153;1382884;4015435;5613445;1249030
6064972;4658183;4376171;6064945;1532839;4015464
6064960;1532817
4658155;5613472;6064961;4015499;4658156;235211;4376175;1372188;5290738;5613473;5290737;4376174
4658136;4658140;6065002;6065008;4015433;4376143;1249008;4658146;1173160
801869;559226;4658137;5290752;5613450;1532136;5613426;6102443;6065005;4389008;5290690;6065015;5290702;1249023;5290692;5290695;6065017
6065018;5613437;5613452;6064988
146402;6102449;4388999;5332584;6102448;4677352;5652443
146402;6065011;4677363;5613432;6064990;5333920
5290732;885694;1250414;5290695;5290742;4015473
5613504;6327228;4658123
1532776;175837;1372224;4015486;6064943
4658129;4677365;6102438;1532136;5652880;5333878;4389011;6102435
1532853;235199;4376197;5290731;5332611;4035764;6327281;4376132;885679
4376134;4376131;5290706
4376200;4376141;4658146;4376146;4015469
6064969;5290732;745292;146387;4376150;146386;175795;745294;1250362
4677362;4035759;1382884;6102438;6400559;4389006;5333878

5290701;6102453;4015418;1532150;5332595;5290698;1532152;4035762

6102439;4376152;5290706;801869;1249030

4376198;5613493;1532807;5332611
4658183;5290727;1372235;6064947
6064957;175820;5290706;6064990
5290695;5613434
5613460;5290763;809932;1532795;1250370;5613476;4658153;6064952;6064956;4015448;6064936;4376207;5290751;4015460
6064977
963274;568118;5613436;1532838
5290740;6064959;5290762;1532781;6327217;4658198;5290739
1532138;4658163;5613467;5290725;6065024;809866;4015444;885086;1382895;4658123;1173159;1249015;146402;567787;5613498;4376155;5613468;1173161



4658147;1532130;5290700;4376155
5652398;6327290
4658124;4376145;6064997;4376144;4376150;5290697;1173157;6065028;4376154;4658123
1532150;4015416;6065003;4658140;4015436;4015425;5613456;1382906

809908;1250384;5290773
1249015;1532142;1382892;6065024;1382895;729568;4035766;5290704;5652885;5332628;6064985
1532804;1532843;4376203
4376175;5613487;4376174;5613496;1532813
6102456;5652931;6065010;6065008;6102461;6064996;5613452;4389006;885098

4658128;6064986;1382897

4658147;5290700
146373;1532839;4376169;1183774
4376197;6064958;1532807

1532128;636718;4015425;5613456;5290712
6065014;4015437
5333443;5613456;4035752;4389006;4677370;4376146;4658131

4658136;5652931;5613426;5652530;885098;1532148;6065010;4376143;4658174;5613451;4658150;5290711;801851;1532122;485140;5613457;6065008;5613429;6065009;5290708
1532139;1532819;1173156;1249016;1173157
5333443;4389004
4015417;1382904;6102443;4376154;5290695;5290690;801869;4658145;4658137;1532126;6327248;1249030;4035752
5290745;1532142;6102449;885086;346302;4658163;6065027;4376166;809866;1382891;1382892;5290704
5332584;4388999;4677350;729568;5332629
5290734;4015467;1532802;1250400
528686;6400559;6102449;6102438;4389006
5613487;6064950;5613487;5613503;6102457
5613436;6064986;6327283;6065018;6065017;6064988
1250400;4015449;4376185;4376159;1183754;1532856;6064990;1532818;4015460
5613452;4376130;636793;6064996;4376131;559229
801853;6065012;1532126;1532788;4376154;4015418;5333020;6102440;4035752;1382890;4658129;4015424;4015417;4677365;4015425;4389006
5652931;5613425;5613458;528686;663912;885694;1532131;1173144;4658149;5613457;5290722;885095
6102456;6102461;4658131
5613442;6102455;5332593;480803;1382887;1532144;6102454
4015471;6064959;1372208;1532834;1532833;1250395;1183785
1532142;5613440;5652392;1382893;5652450;6102439;6065026;1382892;5290704
4376165;4376168;4015447;4376167;4658163;4376167;4658174;485139;5290756;4658184
4015499;6327282;5613460;485141;729570
963285;636718;5290695;4376146;1173153;4658128;1173148;4376134


4658127;4376144;5653598;4677361;6102445

1183757;964541_06;4015488;1532808;1250384;964531;1372217;1250385
6327281;5290720;6065018;4376145;5613431



1382904;1382905;885098
5332593;6065011;1532150
6065005;5290698;5290701;885098;5613440;5652530;1382887;1532152;963281;4658149;5290704
6102449;6102453;4389006;6400492
1532145;4389008;6102462;175815


5652433;6065027;6102437;4389006;5652392;1532142;5332629
235199;6065022;5290731
1382894;1382895;1532138;4658163;885734;1249015;5613487;1532850;1173157;4658123

1532803;1372183;346331
4015464;1532781;809886
5613496
4658178;4015451;4015447;5613467;5613484;5613487;5290745;4658174;5613443;5290749;6064968;5290751
4658129;6065027;1382890;1173145;398857;5332611;5613449;5290731;6065022;5613435

5290721;1382906
4658165
1532140;4376150;5290770
5290717;1382896;4376146;4658146;885092
5290722;4015425;885098;4015427;4376143;5613451;4658146;6065026
6327229;745337;1250384;4376185;1532833;5290766

4658183;4658153;4376171;5290756;4015464

729558;5290720;4376131
4677362;5333020;4658129;4035759;4389009;5290723;4677361;5290695;1532781;4677352;4658124;4376144;4677360;4677365;5333564
398870;5652398;5333920;4677363;801851;4389006;5332611
5290766;5333895
4658196;1183761;5290740;6064977;1250394;1183764
346327;4658165;398877
146402;1532138;5613439;809866;4015444
4658198;5290740;4658199;5290739;1532833;5290741

1372206
885091;4658133;5290712;4389006;1382905;5652931;801860


1173157;1382894;4015422;4376143;809866;559216;146402;5613439;1532138;4015444;4658160
4015420
146378;568136
4015420;4376154;5290690;4015419;5613497
1250379;5613502;1372212;398849;1532773;1532770;4015499;1532850;4015453;1532841;1250363;745295;1372188;745294;1532832;809905;885690;346326
4658186;5290729;4015499;1372206;1183795;964553

5613460;4015471;4015461;5613461;4015449;1250414;4376185;5290764;568112;4658174;1532834;1183785;4015460
5290702;4658149;5613434
4658136;963292;963290
528688;4658146;4376146;5613437;963279;5290695
964510;146361;5613457;5613441;4376138;4658123
5613467;5290728;4376169;5613465;5652940
885086;346302;4658163;5290745;485139;5332611;1382891;1382892;5333431
4677362;235203;4677358;5290695;4389006

5613426;4035748;1532133;1249028;4376146
4015439;4677356;4376138;5652478;4388992;5652467;5332593
4015440;5613475;964540
5613440;963286;4015425;5290706;485139;5613438;4015424;4376140
4376204
885091;885098;5613453;5290720;1382904;4015439;1532122;4658136;1382905;4376146
4658148;5613447;5290706;1532126
5613445;1382886;4376154
1532128;4015425;5290705;485141;4376154;146402;5332628;963283;729568;5613443;809866;4658123;4658149;5290704
1183752;5290754
1249008;4658140;4376154;4376143;4015425
4658197;1382906

5290768;1183788;1183754;964510;1372221;4015442;1532136;5290732;964538;5290732;235201;568118;885731;4376196;4376149

5613430;1382885
5290732;745292;146387;146386;4376150;175795;809905;1250362;745294;1250362
5613429;801851;4389007;963273;1532148;4376151;5613426

4376134;1249031

559216;5613425;4376137;5613436;809866;4658149;4015427;4376144;1382904
4376160;1183764;1250384
1372235;1250386;4376171;4015464;663875
4658159;5613469;745284;5290770;809896

1532142;1532136;1173157;4015422;5613448;4015444;4376140;175790;4658123
5290710;4658140;1532150;559226;4015425
1532853;398849;963273;1250402;568139;1532857;175792;480819;568116;5290694
4658169;4658178
636786;559214;4658197;729558;1532818
5332593;5290707
4015419;5652398;5652910;4035746;5652443;4376154

1532776;1372224;4015486
5613476;745311;885694
5652392;1249006;5290704;4658123

4658139;1382887;1250401;4376188;4015469
5653587;4658138;4658127
5613425;5290720
6064955;1183761;1250394;1183764;4376189;1250384;5290774
801855;5290725;4389002;4658134;567787;5613468;5613498;1173148
5290697;4658125;1382908;4376154;885087;1382906;1173153;1173160;1532151;1249006;4376152;4015424

4376144;5290720;5290745;5652398;346302;729568;885086
1183757;663900;4376192;745311;4015441;1250385
398849;5290737;5613472;5613474;4376185;4658156;5290742;1532847;5613473;1532857
4658125;5290691;5333893;4376152
1532796;4015496;4376191;1250390;964514;4015486;1532850;964511;809908
5333911;4015489;4015425;4376166;5290692
5290746;4376185;4658153;4658191;5613489;5290740;1532833;1532818;4015450;5290763;5290762;1250414;1532834



567787;5290725;4376155;1173159;5613468;5613498;1173161


6065003;4658140;4015425;1532150;1382906;1249008
5613504;5652880;4015441
4015419;5613437;4376154;4015424;5652520;885086;4389006
5613487;4376187;1173149;5613489;1382904;1532795;5290771;1532143;5613488;5613487

1382904;5290752;5290720;4015439;5613445;1382905;729560;1173148
5613453;5290720;4015439;4376154;4015424;4035752;885086
5290717;4658160;146402;5613435;1532138;4015425;5290770;801866;1173160;1382894
5652931;5333428;5613439;5652940;5290725;885098
1532142;5652433;4035766;5332628;5613439;5290704

1532821;4677368;5652460;5332611;1382893;5333431

4376133;4015431;1173141;885091;146386;5613436;1532128;1532142;5613430;5290702;1532145
4658169;1250418
1532145;5652433;4035766;5613439;5613452;1382895;4015421;4376144;1532142;146402;1249006;146386;4015422;1382903;5332628;1249015;5652450;4376143;729568;885092;1382892;5290704;636794
4658171;1372174;4376189;964498;1532810;663848;346331


5613460;4376209;4376165;4015449;1250401;4015448;1532833
5290694;5333880;1532126;1382886;5652910

5652478;4388994;5613451;1532134;5652922
4376150;1173156;5290702;5290692
4658140;4015425;4376143;4015416;1532150;1249030
801869;4376140;1173160
5290768;5613501;568137;1250353;5613474;964540;5290734
4376134;5333023;4376131;5652879;4677358;5652932;4389011;4677365;4015424;5652885
4658165;5290764;4376169
1532142;346302;5652433;5332628;1382895;4658123
5652931;5333443;4015435;5290722;4658136;5613451;4677364;1532122;5333437;1532152
4376199;4015474
5613473;5290742;5613474;4015450;5290732;1532818
1183772;4376172;4376169;1250376;5290727;4658183;5613467;1532839;4015464
1532839;5613467;6064947;5652940;809932
4658159;346321;4035742;809871;4015447;1250401;4658163;5613488;1250402;480809;4658174;964531;5290749
1382886;1249011;1249030;1173151;5290692;4015418;4658140;4015416;885091;4015424;4376140;4015425

4376187;4658159;5613487;5613488;346302;5613441;398859;809871;6065007;885678
1532830;1372214;4658165;1183821;4015452

1532129;5613440;4015416;4376154;1249006;4015425;5290692;5613443;4015424
1382887;4677356;4658126;4376138;4376137;4015427;5332593;4376139;5290707;5613424
1382902;4389006;5613431;5333878;5613452;4658127;1382884;4376144;5613437;4035759;4658138;4658124;4376143;4677361;4376132;4376133

4658129;4376133;398857;5333020;5613487;5613488;5613450;5290711;5613486;4035741;885086


4015419;4376154;4035752;1532126;4015424
5613453;5613452;4015435;4376143;4658147;1382902;1173148;175815;5613431
175782;5290780;1183820
1382885;1532788;175815;809871;885678;963290
1532839;1250376;1372214;885716;4376169;5613484;1532770;1183786;346326
5613452;4376131;5613437;5290695

5613460;4015490;5613461;4015449;4376182;4658188;5613459
5613501;4015487;5290753
1183789;1532830;4376209;1532831;4658155;5613499;1532848;1532850;5613500;885690;5613462;1372196;745296;4376173;5290738;4658156;4015451;1183821;4376212;5613473;4015452
5613492;745319;4658154;1250414;4376159;568112;5290762;4658153;1250386;1250413;885694;1532856;663875;4015460
1382905;567746_1;636761;5290695
4658129;4677358;4376145;5333020;4677365;5333023;4376131

4658162;1372240;4015467;4015475;1249008;4015450

4015470;4376163;1183793;5290744

4677352;4677350;5332584;4388990;5333428;4376142
5333443;4376134;4658136;4658131;1532133;1249028;4677364;5333437


4035757;4389006;4035758;4376131;4677358;4376145

4658159;4376173;4376165;4015449;4015453;1532832;1532831;4658174;885690;1532833;4376210;1183785
4376165;1532781;4015449;559213;1532834;885096;4376144;4015461;1382903;4376143;4658174;4658127;636792;1532833;885092;146375;1183785
1532842;964507;1250376;663858
5290707
5290768;1183754;1250400;4015467;4658165

146375;1532136;4376134;4677365;4376131;5290723


568118;146402;4015425;4376153;4376152;5290692;885086
4376144;4658127
663875


5290720;4015439;1382904;4376131;5290702;235219;5290718;5290719;4376146;1382905;885086
5333437;5333443;5333878;4677364
1249013;346302;4015439;1249015;5290704;1382893
745713;663886;1372176;480789;1183762;5290780;4015502;4658152;885683;1532808;4658188;1250384;5290775;480807
4015490;4658159;809896;1532851;5290770
801851;4376136
1183766;1250414;1372235;964516
1250404;4658172;235223;1250404;1250384;4376206;5290736;4376164;1372217



5290698;5290701;4658133
480803
4015467;1250400;1532856
5290762;1532807;1250414;4376198
4015467;5290742
4015419;5333443;885098;5290725;4658140;4658133;5290723;5290722;1532126;4015432;4015425;745302;5290726;528686;4015423
346331;1372173;1532810;5290775;1250384
4658155;4658156;1532795;5290737
1532778;4376144;1372220

4658159;4677368;5332611;4389000;4015424;4658123
1173156;1532124

964498;346331;663848;1372174
4376131
4658136;4376151;4376143;801851;4658146;1532144
5290720;5290692
4658129;4388992;4677365;4677360;4389009
4376144;4015420;4376134;5333878;4658124;4035745;4376131;4677358;4677365;4376143;1532136;729560;4376133;885086;963289;885092;4658129
146395;5290738;4376157;1532857;809905;4658156;5290742;964506;1532858;1532855;4658177;1372196;1250376
1532145;1532142;663916;4035766;5332628;4658161
346321;1183757;964541_06;4376192;480809;964531;480812;1250385
4035762;4035754
5290738;4376209;235211;4658156;964506;4376174;398875;5290756;5290737;4015480;4376175;4658155;1532780
5290742;398846;4376210;175794;745333;235211;4658163;5290738;809917;663910;745296;175771;885690;885689

5290748;1173149;528685;1173157
4658178;4658167;4658158;4015476;485155;4658175
4015450;1250414;4658156;235211;5290738;398875;964506;885694;4658155;5290737
5332629;1249015;1382891;5290704

4658146
4376134;4376144;5290722;5333443;1249031
4658159;963286;4658166;5290705;1173145;5290770;809866;5290731;4015444;1382892;346302;4658123;5290765
5290711;4658147;963289;5290700;4376144;5290708;4658124;4658138;4658127;4677365
4015439;4376151;4376132;5290692
4658129;4015419;4035749;1382904;4015439;1173158;346302;729560;4376154;4376133;4389006;1532129;1382905
4376131;4376146;4658129;4388992
1382888;4658149
4015419;4376129;5333878;4389006;4035746
5290731;1173145
4015490;4658188;1372234;568103;964515;175782;663875
4035748;5290722;5332611;4658130;5333919;1173151
1532142;4015422;146402;4035766;5332628;1532136;729568;636793
4658143;4658145;1532124;1249004;175815;1173152;1173148;636718
885091;1532145;1382885;1532144;4376151;963283;963290;4658138;801860;1173153


885683;885694;146391;5290780

5290744;1183793;4015470;4376163;885684

235222;809871;1250401;4015446;1250402;729568;5290749;4389013;398859;5290704;4376186;4035762
4376139;4658149;4376146;4015427;885095;4376132;5290702
5290705;1250412;146402;1183814;4658177;4658164
5333895
5290722;1532122;4376132
5290763;5290764;4658169;1250412;4376159;964516;5290762;4658153;1250413;809932;4015460
885709
1532139;1532138;5290770;528685;175815;1532122;1382894;885098
4376209;1532851;4376212;5290737;4376174;1372213;4658156;5290738;1532832;809896;235211;4658155;4376175
809905;4015499;745294;4015482;175773;5290754;4015498;5290756;5613473;398849;1250414;346326;663929;1183797;1250376;1532774;1372188;4015487
1532806;4015440;1372206;4015443
809890
5290697;1532142;4376168;5290705;5332586;1532141;4015436;1382901;4376140;1249011;4658123
4658136;4376134;963273;1173155;801851;4035762

1173159;567787;4658134;5290770;1382891;4376155;4658123;1173161
5333564;4376169;146402;528686;5332629;5290728
1532855;1250370;5290762;4376198;1532807;1250369
1382885;963291;663916;963291
5333443;4389005;4658133;5290722;4658136;5290726;1173155;801866;4389006;1532122;885097
4658148;4376154;1532126;4658145;5290706;4015435;4015416;4658142;4015424;398863;4658123
809908;175805;5290733;4015500;346331;1372173;5290780
1532831;4376173;346312;1183789;4015453;885690;745295;1532832;1532834;5290761

4376144;1532139;5332628;729568;5290745;885086;4376140;4677369;346302;4658123
1372235;4376171;4015464;4376172;4376169;1532839
963273;636789;963288;801851;1249027
4015449;1532834;1532833
4389004

4376159;568112;1183758
146402;146386;1382895;636793;1173157;175815;809866;1382894
4376155

1382904;5290715;4658131;5290720;4376131;885086
5290734;1532850;5290707;4658152

5290715;4389006;5333245;4677362;4376131;4677366
1250358;1250360
1173149;1382904;809871;1532143;5290745;398857;4658193;4376146;745289
4015419;1382906;1382909;4015424;4015425
4658147
4677368;4389000
4389006;1382909;1382906;4376154
809891;4015422;636790;4015496;1382904;1173156;4376147;4015439;4015444;1382905;885092;4677357
4389008;1532136;4658137;4015417;745289;4376144;4658124;235203;1382903;1532124;729560;1382902;4658146;636792;1532150;146375
4376179;5290760;1532777;1250413;1532778;1532779;1532772;1250379;1372220
568118;480803;4658199

4376198;568105;885679;1173145;1382903;4376197
636793
4658169;1250418;4658153;964519;1250384;4376171
4015425
4015418;4035762
809887;4015460

1183772;4376169;1372235;1183774;663875

745319;4658198;809932;1250414;1372235;4376159;4658153;964519;1250413;663875;4015460

1372221;146378;1250412;4015478;485139;568136;4015489;4677354
4015419;1532150;4658142;4658148;1532126;4376140;4658123
1532136;4677362;4388992;4658129;4389006;4677365;1382890;4389002;4376144;4389001
4376134;4658133;1532125;1382896;1532122
964508;1183793;885684;809883;4376163;4015470
346338;398867
1532142;729568;1249017;346302;4035766

567777;1532831;1372179;1532772
1382900;1173146;4376149;1382891;963291;528686;963291;963274

4376144;1249006;146386;4658146;4376146;1183791
4035744;963287;1249024;4376131;485139;4376133;559216;4389006;4677370;4658123
4677362;4389006;4389011;4035749;4677365
4015421;4376143;1382907
4015490;4658159;4658160;1532139;5290705;4015422;146402;1532138;4658188;1173157;809866;4015444;1382894
4015466;1183754;964540;235194;1250353
4658196;885692;1250394
885694;4376178;4015442;885696;1532778;4015487;1532859;4015478;1532858;4376160;567777;1372190
885098;1532133



4677362;4677360;4035759;4389006;4677358
809866;4658134
885739;175794;567787;1372220;5290758;346302;1532779
1250404;1183824;1250404;1532795;1250385;4015458;4376197;663888;4376206;1372192;4015476
4035762
885098;636789;4376134;963273;4376132;4376131;4677363;1249027
4658140;4015425;4015422;1532150
4658162;4015420;4015475;729558;4658197
885086;485139;346302;4658123;1382905

809930
346318;885704;235222;1532804;4376203;346324;398869
4376168;1532138;4035743;1382894;485139;1173157;809866;4015444
4376131;729560;4658133;4015439;4677366;4658131;4389011;346302
885683;1372176;1532793;4658195;1250384;4658152
568118;4658198;4015473


1532124;559216
4658146;4376166;4658124
1532142;1249015;729568;4015421;1382891;1382892;1382893;4658134;1382895


235211;964506;4658156;398875;4658155
663867;4658193;963273;4015444

4677356;4388999
4658160;146402;4376143;1532141;567800;1382890
1372203;4015487
4376195;4376194;1250384;1183780;4015463;1532811;885694;1372231;4376193;4015465;1372233;4015487;1532858;1372203
4658186
1250375;745299;663895;745300;1250373
885086;4389009;4389006
1372190
1382904;729560;4035758;4389011;1532143;4035757;4376145
1372235;4376169;663875

1250384;745309
4658133;1532781;4376131
964508;1183793;809883;5290744;4376163
1532827;1532828;4389006

1532134;4015425
4677350;4389000;4677363;4388999;146402;4677352;4677368
1250414;1183787;1183785
1250353;235203;4376185;1372221;1250384;964538;4376204;1183754;1250396


528686;4376132;4658131;4658133;4389006;4015424
4658169;1532853;4376198;1532778;1532779;568116;809894;1372220;964552
1532122;4376131
745319;885694;4658198;1250414;4376159;1372208;4658153;4015473;4658191;4015460


809896;4376173;1532851;745296;1372179;4376212;4658172


809864;1382904;4015439;4376131;729560;4389011;4658136;1382905;885086;4388996
1382887;146402;4376136;4376135
480803;745292;4376150;885679;663874;146383

175815;4015432;528686
4658173;398880;4376205;4658184;663930;4658166;809896
4658151;1250357;4658182;809912;4376178
4658159;1532139;663867;146402;1532141;663916;4015422;663866;567800;1532138;1249015;567787;729568;1249008;1173157;809866;1249023;4015444;1382894;1382895;4658123
4389009;1532139;175815;235181;4015432;636793;4658127;4389006
528685;4658147;4658140;4015418;963281;963281;4015425

1382887;485140;1532144;4015426;4376136;4376143;801851;4015427
963279;4658138;1249009;1382905
1532828;1382894;1372232;4015422;4015444;1532138
1532780;4015450;1250379;1372188;745294;4376178;1183797;346326;1532771;1183798;346326;1183799;4015480;745316
4658159;745319;1250414;1250371;1532807;4658153;964519;1250413;1532858;4015460
1183810;885681;885703;663860;663869
1532122;4389008
4677358;4376145;4658146;4658144
1250414;809932;4658153;964519;1372209;1250413;4015487;663875;4015460
4376209;235211;398875;964506;4658155;885688;4658156

1382904;1372194;1173156;4389013;4376155;729560;636792
1249017
398859


4035759
4015483;346331


4376187;1532795;4376131
4015433;4658140;1249011;4015425
1532138;1173155;1382889
4658163;1250383;663871
4658178;4376191;1250390;885739;146402;1532788;4015444
4376165;4658178;4389001;4389000


4658160;809864;1372194;1250402;4376167;636793;4658174;4035762



885091;4658133;4658140;4658127;1382909;4658142;175815
4015466;1532856;4015499;1532777;1250425;1532854;885694
346320;1250384;1250412;745713;4015486;885683;4015483;964490;1372230;745300
4658133;4376131;4677359;4389004;4389006


4015478;1250395

963289;1249020;1532151;1382899;4015436;1382884;4376144;4015416;1532133;1382900;1532126;4035752;346302;4376132;1532132;729560;4376151
1532839;745329;1372235;4376172;745312;885680;885703;4015464
4376202;4015479;1532790




885091;963278;1532148;1173156;559214;729558;1532132;1382906;1173151
346331;4376189;964498;398851;1532811;1532810;1372174
1249024;1173157;485139;801858;567800;1372196;745289



1532151;4015435;4015424
1382890;559213;4376131;1532788;4388992;1532136;729560;1382902;4035747;885092;146375;1183791
4389011;4376133;4376145
398874;568118;4376200;4015448;964510
4035741;963281;1382887;1173160
4015490;4658188

4015450;568110;1250384;1183762;1183777;4376160;1250381;885694;1372190;1532856;568108
4376144;4376131;4389006;885092
4015490;885704;346308;1372234;1250355;4015483;1183808;4376205
4015442;885694;4376160;1250353

801854;4376146
4376136;4376188;1250400
4376134;1382897;1249031;1532122;4376145
4035744;4389006

1532773



4389009
1532136;1382885;4015421;885092;1249015;146375;4376131
1173159;4015419;4015435;1532126;1382909;4015434;1173148;1382906;801854
809866;4015444;1532138;1382894;346302;885739
636786;1372190;559215;1250400;559214;729558;1532818
4388999
398875;964506;1372234;235211;235226

4376143;4376155;1382909;1249008;1532150;1382906;1532138;4015425
1250425;4015499;4376196;745294



885086;398857;809871;1382890;480801;4376133;4388992
809866;175815;4389002;567787
1532138;346302;1532850;4015444
480809;1250402;4376165;4015449;964531;346321;809910;1372190
4376154;4015417;4035752;4015416;636792;4015425;1249011
1372217;175771;1372188;1183798;398849;4015499;4015482;175781;567777
4015446;964519;1372214;4376165;1532830;4015447;1372235;1250374;4376167;1532848;663875;1532835



801860;146402;963288;1249016;4389006;1532139;175815
1382904;745289;1532821;1532143;1250417;1532850
1532792;398850;1532794;175818;1372217
1250418;964519;663875;964516
1372212;4376179;809896;175773;346326;346326;146359;4376174
4035755;4388998


4035755;4388999;4388998;4389003;4389000;4035765;4035754;4388992;4376186;146402;146386
885102;4376137
4015439;4035745;1249024;885086;346302;729560;4376133;4389006
1532142;1382902;485140;485139;1382892;1382893
1532122;801851
885694;1183762
1532819;4015433;1249011
4015429;4015429;1532856
1183808;4376205;663930;4376170;4376183;4015483;663887
1382886;4376131
885704;1532792;4035755;1183820;1250402;4376167;398869;1532793
1173159;1532145;1532126;1382906;4376155
4376187;4376144;4015466;809871;4376143;4376185;885694;1249009;4376160;1532835;1532788;4376159;1532834;1532856;4376170;1532833
4015490;4658159;964519;964515;663875;964516
4376144;4389013;4376131;146386;4035743;1532136;346302;729568;485139;1249016;885086;1382892;1382905;4376146;1382895
1250370;1250384;1372237
1250414;809932;885694;964519;1372209;1250413;480812;1250369;1532817
485141;398846;235211;964506;398877
1183773;1250357
963283;963290;4376129;4376152

4015420;1532122;4376131;885098

4376165;4015446;4376166;4015447;4376206
885705
964519;1250413;1250414
4376131;4015432;4388996;1532133;398874;4389006;4388991
809905;1532802;175811
1382885;1173153;1382905;963290
1173155;4389006;4376131;1173148
963294;4388991;729566;485139;4388993

4388997;4388998;4388993;4035759;4388991;4388996;4388994;4035751;4015458;1382887

1382895;663916;729568
4376187;4376131;1532834;1532833;1532788;1532795
4376138;4376132;4376131;398863;1532122;567610
1183784
4015458;1532803;4376197
4376141;4376131;4389010


1532781;4035765;4376137;4389006;4389005;4389009;528686
4376136
398863;528686;4389004
963273;801851
1532859;663917;4015478;4376178
4376196;1183754

1250404;4015476;485155;4015458;235222;1183824;4376197;1250401;1532803;1372183;4376206
4376175;4376174
1250402;4376164;4015494;1372194;4376167;964519;1532792
1250401;4376136
398853;885683;4015500;964490;1250414;346331;1250390
4376187;559210;1532134;963279;146402;4376141;4035756;729555;963287;885086;4376146;4389013;885091;4376131;4015425
1250406;1250384;1183762
1249018;885092;4015422;1532819;1249008;809866;885091;745301;636789;1173156;1249019;636792;528685;1382895;4015444
809883
4015469
1173148;1173158;636718;4035741
1250414;885694;1183777;5613473;1532856;480795
346302;4035758;1382893;636793;4035747
729555;4015428;528686;885098;4035750
801854;963279;1173148
4035755;1532792;1382902
1382899;1532128;1532129;1173156;1382907;801860;4015431;1173148;1532132

1532126;1382897;1249031;1382903;146375
663916;1382895;801859;1382894;146402
4015471;1532834;4015448;1250412;1532149;4015502
885706;1532823;663887
1250396;4015469;1250401;1250400;1532836;1532782
809896;1532851;745296
1250386;1183754;4015449;1372221
885086;146386;175815;1249026;4035757;1532139;4035764;4035743;1532136;636793;4035763;4035747;1249016;809866;146375
175820;4015439;4015427;4035757
1372196
1372235;885680;745329;745312;1532839;885703

809896;1372213
1250414;4015450;885694;663912;1250394;4015442;1372209;175805;4015472
1532129;1173148;1173153;885091;175815;1382885;1532152



1372214;4015497;4015451;146359;1532851;809896

1532782;4015473;964505;1249022;4015474
1250384;745311;1250386;1372237
1532122;4015428
885696;4015466;1250400;4015449;1250401;1382903;1183777;4015467;964519;1372190;885694;1532856;1532818



4015431;729568;146402;885086;346302
1532796;4015496;1250390;4015501;1250384;745713;745300
4015479;1532790
885091;4015437
885739
528686;1382904
1250358;1250357
1532839;1532807

528686;1382887;4035749

1372174;964498;1250384;1532811
1382904;146402;1532149
4015479;1532790

1532834;4015449;1532833
1532122;175820;1249007
398882;1183769;1532822;1183780;1372208;4015487
1372207;809873;1532858;1250372
1382906
809865;1250372;4015447;809905;4015473;1250383

4035750;4035765;568118;729568;801858;1532122
4015417;4035752;1532126;1382907;4015433;1532129;4015424;4015425;1382905;1249011

1532136;1532838;1382903;146375
528686;567787
1532781;1382890;1372192;1532788;1532795
1183796;4015488;1532800;4015484;964532
964508;4015470;885685;1183793;885684;809883
4015496;1250390;4015450;964514;4015449;4015501;4015486;885683;1250384;964512;809908
801862
964519;1250413
1372194;1532792;1532807;1250414;1372209;1532856;4015446;4015460
398863;745302;963287;963273;885097
729565;1249006;1382890;559227
568120;1532804
885086
1532831;1532832;1372198;964530;4015453;885690


1382891;1382900;1173146;528686

963273;963279;1249020
1532780;4015499;1250384;745294;809886;1532779;1532777;809904;4015480
1382887;4035754

1250418;964519

1250374;885694;745288;567807

1532786
1532793;235219;1532795;175794;1372217;885092;480821
1372235;745303;235215;809932;1382888;663860;663875;1173159;1183772;1532839;1250376
809894;1532777;1532841;346326;1532778;346326
1532839;1532783;1250356;1372235;885680;885703
1183766;1250414;1250363;4015483;1183808;885705
346302;1532136;559213;175794;1532126;885091;801860;885086
1183757;964541_06;1372194;398845;1250357;480812;1250385
1532859;559215;885733;4015487
1532807;235199;1250414


4015419;1532126
1372207;1532792;809866;4015447;1250362







1372186
1250400;146402;4015424;175815;1249008;963279;4015425

4035748

4035756;1173156;1382888;175815
885745;146402;885736;1249015;4015447

4035751

1250404;1183811;4015487;1372203;4015464;1250404
1372230;1372228
885086;346302;559210
1249025
801860;1532145;4015431;175815
885679;1183769;1250404;1532807;4015476;4015458;1372187;1532853;568116;1183824;568105;1173145;1532803;1372183
1382887;1532122
1183799;1532859;1372220;4015480;1250368;4015478;567777
1532140;1250362;809905;1532137
801851;528686;4015417;1382907
1250390;663853;885683;1250384;964512;567606
528691;963287;528692;729565;801864;885099
964540;1372236;235231;1250384
1250388;1532812;1250412;398852;885683;964519;1250384;809908
663890;663896
963273
809930;1532792
885694;1250394
885690;745295;1532831;1532832
885745;1250390;745330;235215;568112;1250383;146361
964552;1372223;885733;885734
1250379;663858;1372213;1372188;1372196;346326;398849
1382907;1532127;1382906;636718;1382909
1183793;885685;885684;809883;964508
1382887
1249011;1382909;1382886;4035752;636718;1382906;1532126
146375;1382902;636794
1532856;1372190;1532857;1532835
885694;1250400;568110;1183762;1183777;809882;885694;1372190;1250384;1532856;1532818

1532790
636786;1532128;559214
636786;1532127;1173156;1532127;1183791
1532795

4015482;4015498;663894;1372231;5613500;964507
1372187;745294;1372188;1183797;485141;809905;1250379
1532794;663888;1532785;1532802

1250414;567807;809893;1249004;1532834;1532857;1532833;1183785;1250402
1372186;1532819;1382905;809866;1382895

559226
1250400;1532783;1532856;1532807;1250384;559215;1372221;1532817
885679;1173145;485139;1382902
729555;1249019;175815
346331;398851;1532811;1372174;663848
729555;885086;1173156;528685;175815
809867;885711;1183768;568138
1250400;885694
346311;809864;398880;809891;1532800;663888
1183757;1250384;1532794;1250391;1532799;809908
1249014;1532131
1382886;1249008;1532150;1249030;1532129;636718;1173152
1250384;1250413;1183764;745319;964519;1250412;568112;663875
175782;885705;663930;1250414;1372230
1183758;1250377;1532795;235211;1532811;1250361;885683;1532794;1532793;346315;885689
1532859;1532772;1183799;1532773;1532778;567777;1532779;1372220
1532856;1532834;963286;1532833
745713;1372228;568121;1372230;745300
1250406;1532796;1532776;1532809;1250404;1183757;1183771;1372224;1250390;809867;1372181;1250384;885683;1183778;1532808;1250389;480790;1372226;1532801
1532146;1532136;963287;559210
1382887;964541_07;1532135;1532131;885097
235181;1183824;1250404
567787;1532819;1173161;1382891
1532130
745713;175780;745299;568121;809910;1183810;745298;809879;1372230;745300;1250373
1532832;885690;1183789;480795
809871;809908;964519;480812;1532781;1532833;963283;1532834;1183757;663869;1183791;235230;663875
1382905
1382900;1532819;1382895;485139;885088
1372189;1250408;964533;568125;1532800;1183794
885091;729567

398869;1532856;1372194;885694;1250402;235222
809865;1372207;1372239;809905;1250362
1382886;559210;1532136
1382886;1532124;1532126
636786;1532818
346334;964519;346331;175782;964515;964516;663875
964541_08;1250408;1532800;745282;964532
636793;809866;1173156;567800;1532138;146402
1532145;1532142;1532782;1532781;885092
1532796;745713;1250390;1372227;1532793
1532782;1532859;1250394;1532835;964538;1249022;1532855
1532776;346313;1250363;1532842;809892;809897;5613473;885716;1250364
1250414;1250412;885694;1183777;1372209;885696
1532792;1532794;809910;568121;1250412;964519;745311;885698


801855;528686;1249009;485140;1382893
636718
729560;1173141;1249007;885086;1382904;1382905

5290732;636792;885092
4015463;1532770;1532773;4015498
745294;1372231
1532782;1249022
1173156
1249010;175815
1382908;963279;1173160

1250376;1183772;1532842;885716;1372235;1250408;1372214;809907;745288;1532839
801854;1173156
1173157;1532139
568121;745298;1372230;1372228;663895;809879
964526;885692

1173155
1382904;1173155;1382905
1173153;1173155;175796;1183778;1249028

1382909;1382906
1183789
1250401;175792;480819
745319;146378;885735;885678;1532788;568136
1382908
1532859;1250399;1532780
745303;1382888;1250410
567807;809896;1372195
1532781;963290;175815;1532125;801859

663894;1183789;1532830;745296;745288;809896

663929;745291;346326;346326;1372188;745294;809886
567746_1;146416;480821;175794;663895
480789;1372235;1183774;1532833;663875;1183785
964508;1250351
963283;1173152
480821;1183812


885091;1382899
485139;1249024;1249008;1173157;1382893;1249015;1382895;1382894;809866;1173151;346302;663866;146402
885091;885093;636718
1382897;885098
663860;1183783;745282;567600;1183796;1372189


1372184;1372221;1183754;346327;809912;1250353;964517
1250388;1183820;1183777;1250386;1372190;964517
663907

1183758;1183757;809910;745300;1372191;1372192;809879

963282;1382906;1173148;1249011
885091;1173148
964549

1372182;885694;1250386;809905
1183764;398852;964521;1250388;1183775;1250390;1183776;1250384;1372175
745316;235193;1183799;346326;809894;885690;398849
809907;1183786;885714;175773;885716;964507;1250376
1372213;346327;809896;235211;398875;964506;745290;745296
1250396;663914
964541_04;485146;1372214;235211;398848;1372196;398850;1250372;568121;1372213
885690
809894;1372220
745713;964513;346331;146391
528697;559226
663886;1372199;175818;480821
1249006;1382892;1382895
567600;745282;663860
885683;1372176;1250390
636718;809908
1372181;663882;1250384;567608;1250404;964519;1250388;964490;809909;1250386

1372212;235193;885716;1183797;346326
1372186;1250378;1183797;567777;663912
485141;398846;1250378;567777;663912;1250361;809905;885694;885689;1532857;885696;398877
964541_06;809910;346321;567807;809879;1532858;1183777;885694;1250386
1183777;885694;1250387;885723;1372190
801867;801851;485140;801860;885086
1372227;809908;745283;1372176;1250390;1183778;745329;1183767;885711
398870;559226
636793;885739;146402
1382899;636718;175815;1173148
1372225;964490;809916;1183823
146375;729560;885092;1382884;963289
346331;175782
480804
528691;568111;809866;885677
5290732;568112;567784
809890
1173157;809866
146359;745297;346327;1372197;745288;745296
146386;146402;1249016;1173157
1250377;1250363;1250361;885689;1250402;1250364

1372173;1372174;964498;663848;346331;964499
1173156;1382905
885733;398849;1183752;1372238
1372233
809864;1372194;745299;568121
964489;964528
1250384;1372183
885683;1372176
146402;809866;1382894
885683;885694;346331


1250386;745311;1372190;663875
885690;567777;885688;809865;175771;1250376
964489;885721;1183770;1250408;1532800;1183771
1173159;663895;964532;1250408
567812;1183773;745281;480820
963273;963274
1183808;964540
567784;885689;568116
809886;1183799;235193;809894;745294
636786;559215;559214;964552;1250386;1250384;1372190;1250400;885697
663923;568110;568136
175815;1382885;964505;1250354;963285;801851

801860;964541_09
1372212;809894;346326;1372196;1250376
809907;885680;1372235;964507
1183795

963274;1173160;1249014;801853

1249022;1250396
885694;1250386;1532834;964516
745322;1372200;885699
745299;1382890;1372192;1183791
809895;235211;663910;568137;1372214;1372196;745333;1183821;1250376;1183822;1372179;1372195
1250415
885709;885728;885694;1250366;1372183
1382886;559226;1249009

1183820;1372216;1183824
964524;809894;809886;964549;1372220;964519;175771
1372186;567777;745317
1173141;1382904;1382905;559213;636792;1173142;885092;1173163
146373
568118;568111;1249022;885723
745294;809886

1382886
1250414;1372176;1372194;1372174;885683;964498
885683;1250390;398846;1372176;1250384;1250385
1372239;663878;1532785;1250384;885683;809908;1183757;809889
885694;1183777;1372208;1250384;1372190;1372209
1382900;963283;175815;1372178;235217;801860

809894;809886;1183799
1249030
1250361;745288;1250384;809934;745296
729560;1183791;885676;1249009;809871
346302;146402;1249015;729568
964533;663860;1183783;745282;745280;885699;480813;1250366

963289







528686;1249032;1249030;963289;1249029;146375


1173141;885086



809865;480817
1249015;567800;146386;729568;809866;559215;885086

568127;663869;663886






480793;1183753
1250382;1183764;1183779;398877
809865;480817;485141;885688;567784;235211;235225;5290732;567777;1250357;809904;809905;175789;663897


346308;964541_08;1250356;1250360;1183810;568127;885703
1183807;175782
801859
175780;964489;568121;480806
567787;636718

1173148;1173152


801853;801860;801852;963279;801859;1173149


809865;1250372;1250377;1250363;809863

885737;1250383;745347

1249006

1250380
398877;663882;1250403;745309;567608;809909;480797;964490;885698



964519;568133;885735

1250406;559215;568110;885694;964519;885697;885696




885729;1183758;1183757;809891;1183764;809908;663888

745713;745299;663895;480806;568123;1183810;175780;745300;346334



1250375;745299;663888;1250420;346311;745343;480821
1183795;1183754;964540

636718;528686;885677;1249011

1183829
809918;809895;885690;1250363;1250377;1250361;1250364


1250394;1250392;1250395;1183785
398852;809914;146377;745713;1183775
964519;885697;146391;809886
398851;964498;663848;346331;964499



809908;485144;1183767;885680;885682;885680;964490;398877;235228;745309;809909

1249030
346331
485139;801858;636791;1249005;1249011;885090


636718;1173159
964555
1183788;1250362;1250361;663874



1250362





745316;809894;398849;1183798;346326;1183782;1183799;1250379
885704;146361;1250354;1250384;1250386
528685
885683;1250390;964514;1250384
1183760;1250366;964541_08;1183796;745282;964534;1250368;964502
1183766;1250358;1372234;1183782;567602;1183808;1250398;1250359

809934;1250361;1250401;1250357

745303;175815;1173144
964519;398846;885688;175789;1250364;235211;567777;885704;809909;1250376;1250377;398875;1250378;809892


146375;885092;636792;801856

480821;809864;964519;1250357

964499;1183774
1173150;1249013;963275;1173159;1173161;567787;528686;1249012
885732;885702;885673
809907;885714;398849;175773;567777;885716;964507;1250376
1250359
885703;745329;885680;663869
398882;745320


1249008;885086;1173156;528688;1173148
964538;1183754;964555

636718;1249011
745316;809894;398849;1250379;1183798;346326;809905;745294;809886
809874
1250376;1183786;175773;663910

346302

175815;1173148;963285;801860;963289;963290;1173153
729568;1249015;346302;1249014;528686;485140



346321;745713;964541_06;809910;809879;398869;964531;1183757;1250374;745300;885698;1250402


663890
964519;745296;175773;663910;809896;1250414;1250376;964489;398875;175789;346314

663929;235193;745294;398849;485141;809894;809905;1183819;1183797;663857;346326






964541_04;146402;885686

964541_06;1250402;1250385





1250398;1250414;1250399;885721
1250372;567807;745317;235211;885690;745295;346327;964506;809896;809907;1183789

809892;663897
964545;885686;568108
964541_01;809869;745312;885680;964491;885702
1183770;964498;1183776;964541_01;964491;1183757

745314;885703
745319;964519;809932;663875;568112
964541_04;809906
1249012;567787
1183816
809910;745299;663888;663895;346311;809879;809891;745298;235219;346304;175818;480821
809889;663880;398852;1183764
663875;568112
1183754;964555;964538
636784
745342;809869;745312;809924;1183760
1173155

729554
567784;398846;398877;235211;567777;663912
885716;663858
485139;1173157;885092;346302;559216
809910;1183757;964541_06;1183771;1183764;964519
729555


1173157
885704;663886;568103;568121;480806;175780;663887;964564
885696;1183766;480795;885694;346331;1183777
559213;1173156;480801;729560;1173141;885086;235219


567787;663866;1173161;528686;801855
636786;559214
809905;663897;568118;1183788;567784;745294;745292
801862
235231;964519;1250384;809908;1183776

1183754
175815;729568
1183774;885703;885704

1250357
964518;568127
809869;745312;964519;663875
1173156;235217
809889;885683;964521
1183766;1183762;809934
885683
1183799;567777
663882;1183820;809909;964490;964489;1183771
964541_08;745329;809863;568127;1183771
964519;398869;235222
745311;1250384;1183777;885694

885732
1183797;1183799;663912;809886


1183805;480817;1250377;885689;809896;964541_04;480795
964541_04;346313;480817
1173150;1173159;567787;1173161


146402
398849;485141
1183766;1250412;1250369
146386;146402;729568;346302;885086;485140;1173151

1183760;964534;1183796

964502;964541_08;568125;745282;964532;1183765
1183785
146386;146402;729568;346302
175782
235203;663914
885091;636718;559214;963279;1173151
1183757;964490;1183777

480806;745299;663895;568121;1250373;663888;745298
964489
663860;1183783;663902;745282;885699;1183800;567600;745280;809902;568126

963295
885687
1183796;885705;663860;964533;568126;745282
885714;809874;745284;745291;809907;235211;398875;964506;885716;964507

964518;964517
1249030
745299;663895;568121;175780;480806


1173155;963290

1173141;1249004;175815
1183761;1183764
1183790
1183784;745285
1183757;1183784;745713;964519;745300;964515;885698

1173159;963275;1173161
175815;146402;963274;963285

809891;885704;1183821;663869
745713;663907;567602;346331;964530;964499
885086;1183817
963285;1173160;809927

809865;809908

885704;745288;568103;1183774;567807;885703;480789;663886
1183779;398879

346327;964541_04
964557
480800;663869;885745
809918
567787
1183816;729560;809871;480821;398857;235203;480801;346304
964502;964541_08;745282;745314
964498;964521;809889;745309;885698;809911;809909;346331;480792
636793;528688;398859;729558
729564;175815

559216;885739;346302;485139;146402
175782
528685;398883
480803
963283;963290;801860;175815
663848;885705
964546

559211
885736;480821;885678;885745
663931

567777;809906;663912;809892
398877


809919;964543
146359
809895;964541_04;885688;568149
567787;398870
964522;964555;964531;346320
809873;568140;745332
809868;885711;809902
663858;663871
964555;964538
963273
175782;346295

745301;745303
809868;885711;809902
663875
964541_08;809896;964502;964489;885722

146401;663875;745284;809932;175782;885703;885705
964529
480803;235201;964510

663860;567600;745280;964533;568126;745282



809896;745333;745296;398877

745322;745280;663863;663860;745282
745329;663883;885680;745315

963274;175815;963279;528685;567746_2
964531;809908;809889;398845;964519
964519;964515;663875
146391
885681;964533;809878;964502;663869;885705;745300;663860;964524;885703
663860;964491;964541_01

963290;963285;636718;801858;528689;963283;175815;885091;801860;963284;809866;963281;729567
235193;745316
885742;5613473


885086;636761;559210
885086

663894;964541_01;885694;964490;964522;885696
809877;663860;885724;745283;480805
809886;235193;809894;745294;175771
964502;663927;663888;964541_08
964489;964541_01;964491;663909

568105;885679;964541_01;480802
729558;963286
663860;964533;745282;745280
1183820
809883;964508;885685
480797
885723
663891;809878;745300
398877
567745
235193;809905;745294;480817
745329;663883;809867;885680;745315;809901
963291
809869;885723
963293
963279
528688;636788
745322;963278
346317;885679;801858
885733
809892;964519;809884
745316;809905;398849;175789;235193;745294
568127;885705
745309;809909;885698;1183764
663860;964502;745283;964541_08;568126;745282

729567;235217
528688
636718

528689;801860
729566
729559;636718;729565;885089;885090;528697;559226;885101

636789;885099;528692;528686;528691
528686
636718;528692;175815

636786;235217;175815;636718;636784;559214;729558
885089

729555;745302;398863
235217;175815
485140;398870;801867;175794;146387;146402;528690;146386
885698;885088


528691;528689
175794;885098;528685
663930;745327
480796;663882;745309;567608;809909
663909;568124;745314;745283;663883;745312;964541_01;663908;663865
745282
885689;346311;485146;885689
480817;346312;809894;663898;809904;663912
528686;801860;398875
663893
663909;885718
346331
663887;568103;175782;663869;663885;663886
885721
745296;745312;809869
964541_08;809910;480813;663895;745299;663888;745314;1250375;745282
964502;745282;745314

175773;809905
398875;235211;485145;809896;663910
885716;745318;175773;809907
885685;809890;809883;885712
809883;809890;885684;885685;885712
480803
567606
567606
567603;809872
885683
480803;663875;568112
745319;663875;568112
663915;885675
398877;485152;885698
480803;809908;809889;568112;663875
809910;346321;480809;346341;809879
663880;745713;663888;146391;398852;809911
885726;745311;885694;885729;6064976;346340;809878;885697
885721;885722
885705
346332;885720;885716;885705
885686;568108

809870

663860
663878
663902;745327;809870
663860;663895;745280;663863;480805;663862;885699;745342;568125;745282
809877;809875;663860;568117;885724;745283;480805
809869;885691
663882;346340;809911;745309;809909;745311;663848
663917
398877;663875
636786;809914

885729
809919

809894;885731;745336;809886
885735
480793



745288
636786;559214;346340

398877;745294;809886


398847




745331

146402;636759;567745;663916;528686;528691;729564;175815
636761;636792;729560


801859;175773;801858;146360
801860;235217;729567;175815
528686;235198
636788;663889;636792;146375
528688
636792;528691
729567

663876

559210
636786;801857
528686;636789;729555
398883;480794
729567;480803;398870
729553;729555;745302;528686;801866;636791
745311
663915;745337;745713;809912;809914
809914
885674

636759;528691;729561
809871;480821
346317;568111;568109
745315;663907;745329;745312
663907
809867
398846;346320;809887;346308;885688;346306;663853;809878;568127;480806;745300;568121;745713
809890
809883
745296;745333;568108
568108
809865;809892;398877;235211;663912;809863;398875;398875;663898;663859;346312
480817;745324
146359;745291;175773;346312;146360;480819;663899;745295;809906
568126;745282

568112
568111;745294;480795;885696;745319;809905;809932;146391
568110
745311;809887;568112
809909;398877;809872
745322;745285;809869;745283;745342;480805;809900;745280
745285

235190;745305;809900
568127;663907;663909;745300;346334;663869
235222;745315;398869;663885;809879;568103;663886;175821;175782;745298
885703
663887;346337
809921;485157;745351;398895;398857;485143

146368
235196
663902;809902;809868
568125;663893
809877;480805
809865;745291;809907;745297;809863;809897;175773;663858;745284
809865;480817;346313;809863;485141;809892;567777;809904
809863;745318;175773;809907;663858
175782;663887;663869
745286

346332;663871;885717
809904

663909;480795;568111
663865;809869;809910;809879;745329;568126;745282;663883
809882;568117;485141
809911

235196
568134

175771
809912;745337;809911


146378;568136
480821;745331
745347;480789;346297;398901;567807
809907;809865
235219;809894;528688;175794;559210
663922;729553;146402;663868

567777
809926;745348
567746_1
809918;146359;480821;809897
636761
636786;729558
745301;398870
745301;528684


175815

559210;175815
528689;729564;175815
1382887;636790

146402;559216;485139;346302;809866;567800;175815;729564
528691;528689;528686;729560;398870;528692
636793
729569;559228;729555;729568


729553;745302;729555;528686;636791
663871;745318
235219;663888;568115;346311;398860;146360;663898;480821
480817;346327;175789
346302;801858;567800;485140;146386;146402;729557;485139
745329;663869
745312;745285;745314;663908
568125
663902;745327
480821;568112

663848;146360
745291;745332

568126;745282
568125;745314;663902;745283;480805
663891;568121;480806;175782;745300;568127
745343;568121;745299;745298;663895;663888;568133;568123;745350;745311;485154;663913
485141;568109

745317;175771

146373;235193;567777;745294
663853



663895;663888;745299;745297;663910
398877;398846;485141;346313;346314;146391;663898;663897;663899
745326;663876
398849;175789;235193;485141;745294;809886
346312;346313;146360;745324
745290;568137;745296;480795;346327;663894;745297;567807
175773;745284;745296
663871
745328;663860
745344;567746_2;745282
745315;745329
745283;663883
663930;745286
398875;480817;346312;663912;567784;663898
745294
567784;663899;663898;346313;745332;745324;568116
175773

745713;745311;567608;663848;745309;398877;346340
745713;663888;567609;745298;480809
346319;146377;809914;235231;745713
745337;663915
745337;745336
809911;663915;745713;398852

568145
398849;663910;346327;568137
663911
568120;663930

485139;745351;636793;729568;567800

636786
745342;663888;745299

745348
398870
480821
745301;528688;175794

568112
745321;398877
346291;146392;398899;568110;480818





235202;175818;663896;567746_1;485143;235207;346304
398868
568137;663912;480817;175773;663910;346327;567807;663857;398877;663858
663909;663908;663883
398853;235228;567606
485141
663920
559216
567796;559213;528686;636793;636792;175815;480801;636761

346329;175773;146359;480817
568128
559228;528686
568118;398872
567796;568116;480794
663898;663912;480817

346330;663876


663904;480821
663910;568115;568116;663911
663911;568115;745332
636787;235206
346336;568124;568122
663865;663860
663903
567608;568119;480792;663882;398877;398852
175782;346327;346329;346328
485142;663883;663908;663906
663858;663857
568115;568121;346327;485139;175794;346302
175794;663874;235201


663876
567609;568112
346312;480819
346311;663888
663929;567746_1;398849;175773;235193;485141;346330;175789;346326;663857;235224;568139;346315

663888;663895;568121
663888;346331;346320;485154;745300
663915

568123;663895;568121;745299;175780;480806
528691;567746_1;636759;528688;559226

663860;480800;480799

567602
636789;636793;528686;559228;636761

146361
146361;568149

663907;663901;663883
346312;663897;663921;175771;663912;398877
663862
528689;636792;175815;567745



485158;663910;346327;568137
146402;346302;485140
568126;568124;663906
663908

663865;567600;568126;663860;663908


480821;663922;346316;559211
636786;636718;559214
485139;528688;175794;146387;146402;398870;485140;346302;528690;146386
636761;636759;528686;568110;559228

663872;528686;567800;663871;480811;346333;346332;235206
567807;480809;480789;663886

480806;568121;568144;745713;346308;568123;568127;346307;175780;346334
559214
663866;663868;146402

235199;480803;175782;485154;175773;663875;346334;480795
146386
663899
235201

567746_1
663883;663872;663871


346331
567796;567746_1;528690;480794;398859
485142;398868;568124

146377

567608;398877;346331;480792;398852
480790
346311;146360;398860
567746_2
175789;146398;235205;480802
480811;567800

559210
568111;235200;398895;398878

346291
568117;175771
568128
480821
568108;346340
175782
480804

528688;559210
528688;528688
567777;346313;398850;568139;567746_1
528691;146402;528686;398863;528692
485139
146402;528686;568118;528688;346302;175794;567787
235201;480803;175795;235219

235210;398846
480795

480817;346313;398850;567784;398877;346312
146375;398857;559210
528691;528689

480806;568121



398845
567746_1;663883

175782;480789
398880

398874
559213;528682;559211
146402;346302

568127
480811;485139;346302;567800;398864;146387
559214
175815
568125


398875;567780;235211;235225

567600;568126;568125;480813;480805

235193
568126;568124
398877;567784;346313;567777;346312

568123;480803;745284;568112
346313
568127;568124;480805;568121;398852;480806;567606
559213;175815;528686;528684;528697
567606;398853;146391

346340;485154;567603
480817;398848;567784



175814

567600

235211;346330;235193;235227;346315;175789;398867;346338;398846
528689;528691;528686;567787
146373;175796;398869;175795;146386;146402;398849
146361
528686;528688;485139;398877
568118;398874
568137;346327;175773
346332;480810;568138;480812


480792
528686;480814

146398;480802







235229
528689
480803;398874

398869;175782
346333
146375
485151;485156

346333

480819


398868;480805

480792;398877;398852
346340
485145;175771;235202

398883;146402;480794
175773

528686;528682
235204;398853;480796;235228

480795;146395;568111

485143
398850;398849;346312;235226;485141;235227;346313;480817;398877


175780;480806;346334
235199;480802;568116;346315;398849;485141

346308

346313
146386;398864;480811;346302;485139;146402
346308
528684;559210
146395;480795

480802
528688;528689;175815
398875;398853;398877;235228;480818

175802;346295
398852;480796;480806;398846;398877;175782;480807;480797;480789






398878;346303;235205;480821
346340
485145


485141
235199;568105;485141;346315


175771
398870;175815

485141
346342
175815
528697


175780
485141;480789
346332
175812;398895;146382
346320;485154;146391;398854;346340;235231
175809
480821;398874

346304;346303;146375;235203;398874;398857
346305;398860;175818;235219


346333;346332

235191;146379
398870


175815


398874

175815;235198
146391;235230
398878
398845
346312;346313;398877

235211;346329;175789;398876
346333
146378;398848
346329;398875
146386;146402;346302
398845;398852;235231
398849;175809;235174




398849;346340;398877;235227;235210;346321;175789

175782;235223
175815;398863

235205
146377
398848;175771

398863

146402;528688;175809;146386;146387;146389


346304


346324;235222
885696;235228;398853;346340
528681
175780

346322
480815

235226;235227;346311;398876;398875;398846;235211;398877
398877;346313;346312



398883
398894
398863


235229

235231

235231;398862;398854;146391

398867;146380



235213;175780
398854
398845
398851
398869;346324;235211
235225

175773
175773

346330;398869;175821;235222


398877;235227;235210;175772;398852;175773;398846
398852
235231;175777;346340
175794

146387;175795;146375
235193;175789;235226;235211;398875

235227;146360;175771;235210;146359;398846;398850;175773;235226
398877;346313
146360;398848;398850;398849;398846
235223;175833;146360
146360;175837;235203
235223
175782

398860;146373;175804;235207;235219;398880;398879
235205;235202;175818;235215
175804;235219;146373;235205
146386;146387;146402



235219
346332;398901;346332
398904;235188;175771

235228










175778
235210;235211

235211;146360;235212;175773;175789
235193;175789;235210


235231
235204;235228
235190

235219;235197
235219;175818
235215
146387;175809
235219

235231

146387;146386;146389;146402



235223
175821;235222
146369;175815

146374
235203;146360
235199;235219;175818
235211;235225;146359
235210;175770;175773;235211;235227;235174;175789

235205;235204
175804
235226



175784





146391;175812


235219


175771




146399
235219;175818

146397;235204;175818;175833



175819
175770;175773
146383
146359;175837;146373;235202;175789



146363;175821;146391


175796;175791;175815;175794

175818
175778;175777;175805


175782
175814



146359
146377
175771;146360;235211


175807
235219
146362;146413;175805
175772;175778;175770;146360;175789;809897;175777
175771
175787;175789;146360







175830
146373;146359;175789;175773
175771
235215





175773
175807;175814




146360;146359


















175807




146388;146373;146362;175782;146363


146362;146397;146382;175814





146390
146363

146386;146402;146387;146389









146401




146370








































146388








636759






